05 08 2015 12 20 1393
05 08 2015 12 20 1393
05 08 2015 13 13 1393
05 08 2015 13 14 1393
05 08 2015 13 14 1393
05 08 2015 13 14 1393
05 08 2015 13 37 1473
05 08 2015 13 39 1472
05 08 2015 14 13 1619
05 08 2015 14 14 1619
05 08 2015 14 15 1620
05 08 2015 14 37 1707
05 08 2015 14 51 1707
05 08 2015 14 52 1707
05 08 2015 14 53 1707
05 08 2015 14 53 1707
05 08 2015 14 54 1707
05 08 2015 14 54 1707
05 08 2015 15 05 1769
05 08 2015 15 05 1769
05 08 2015 15 06 1769
05 08 2015 15 08 1788
05 08 2015 15 11 1824
05 08 2015 15 23 1824
05 08 2015 15 24 1824
05 08 2015 16 48 1824
05 08 2015 18 48 1837
05 08 2015 18 49 1835
05 08 2015 18 55 1825
05 08 2015 18 59 1825
05 08 2015 19 15 1910
